index, t, x, v
0 0.0 2.5 0.0
1 0.001001001001001001 2.5 0.0010154295645429599
2 0.002002002002002002 2.5000010164460105 0.0008625764609815759
3 0.003003003003003003 2.5000018798859114 0.0009074780644569801
4 0.004004004004004004 2.5000027882723623 0.0012618555040803305
5 0.005005005005005005 2.500004051390985 -0.00019307975697115207
6 0.006006006006006006 2.500003858117955 -0.0016616785840193268
7 0.007007007007007007 2.500002194776029 -0.002416131013756255
8 0.008008008008008008 2.4999997762264656 -0.0012776032017820897
9 0.009009009009009009 2.499998497344382 -0.00172889132587532
10 0.01001001001001001 2.499996766722434 -0.0019366164078727368
11 0.011011011011011011 2.499994828167471 0.0006003816890812527
12 0.012012012012012012 2.4999954291501427 -0.0007856592004313596
13 0.013013013013013013 2.499994642704497 0.00026408332387311683
14 0.014014014014014014 2.4999949070521685 -0.0012139247605569134
15 0.015015015015015015 2.4999936919122683 -0.0015004170712808818
16 0.016016016016016016 2.499992189993278 -0.0026876532809362924
17 0.017017017017017015 2.4999894996496534 -0.0016458499488672313
18 0.018018018018018018 2.499987852152207 -0.0019263907019301243
19 0.01901901901901902 2.499985923833186 -0.0022615770347539756
20 0.02002002002002002 2.4999836599923104 -0.0032897466033571777
21 0.02102102102102102 2.4999803669526672 -0.004664667236123286
22 0.022022022022022022 2.4999756976160947 -0.003462871380475324
23 0.023023023023023025 2.4999722312783765 -0.004676519261321779
24 0.024024024024024024 2.4999675500779146 -0.003580395943534557
25 0.025025025025025023 2.499963966097991 -0.003522969387223357
26 0.026026026026026026 2.499960439602108 -0.003280709069566719
27 0.02702702702702703 2.499957155609045 -0.0022906070526744343
28 0.028028028028028028 2.4999548627090924 -0.0017601379372621465
29 0.029029029029029027 2.4999531008092553 -0.001560866912807722
30 0.03003003003003003 2.499951538379913 -0.0026131384269996033
31 0.031031031031031032 2.4999489226257317 -0.0024579899157803203
32 0.03203203203203203 2.4999464621753655 -0.003259879344399149
33 0.03303303303303303 2.4999431990328786 -0.003925796182127997
34 0.03403403403403403 2.4999392693069704 -0.005265987923356138
35 0.035035035035035036 2.499933998047788 -0.00526051022085927
36 0.036036036036036036 2.499928732271791 -0.005995914318404746
37 0.037037037037037035 2.4999227303555562 -0.006312755876892045
38 0.03803803803803804 2.4999164112806045 -0.007616212998345366
39 0.03903903903903904 2.4999087874437693 -0.00820404014498535
40 0.04004004004004004 2.499900575191372 -0.00911649235867238
41 0.04104104104104104 2.4998914495733953 -0.008590415641717813
42 0.04204204204204204 2.499882850558739 -0.007326163375393568
43 0.043043043043043044 2.4998755170618665 -0.00779614890003448
44 0.044044044044044044 2.4998677131090137 -0.008631608952435105
45 0.04504504504504504 2.4998590728598122 -0.008259788859296234
46 0.04604604604604605 2.4998508048028962 -0.009376297368237228
47 0.04704704704704705 2.499841419119845 -0.009761637311681877
48 0.04804804804804805 2.4998316477111246 -0.008565769782563553
49 0.04904904904904905 2.499823073366998 -0.008766109322011063
50 0.050050050050050046 2.4998142984827916 -0.008638078981550536
51 0.05105105105105105 2.499805651757084 -0.009623160868602964
52 0.05205205205205205 2.499796018963422 -0.010609100965624566
53 0.05305305305305305 2.4997853992427355 -0.011034387253736715
54 0.05405405405405406 2.499774353810049 -0.011094668314535941
55 0.055055055055055056 2.4997632480359604 -0.011038306760951978
56 0.056056056056056056 2.499752198679843 -0.011013396204206743
57 0.057057057057057055 2.4997411742592184 -0.010766510475638176
58 0.058058058058058054 2.499730396971455 -0.009244854029243426
59 0.05905905905905906 2.4997211428633173 -0.009675877912959088
60 0.06006006006006006 2.4997114572998407 -0.009911907115805469
61 0.06106106106106106 2.499701535470896 -0.010178901172757502
62 0.062062062062062065 2.499691346380633 -0.01021483151948405
63 0.06306306306306306 2.499681121324057 -0.009503992497628724
64 0.06406406406406406 2.4996716078180534 -0.010277118095351355
65 0.06506506506506507 2.4996613204125526 -0.008936249675968622
66 0.06606606606606606 2.4996523752176816 -0.008753470597907435
67 0.06706706706706707 2.4996436129848507 -0.008928881640304793
68 0.06806806806806806 2.499634675165391 -0.009907850890052982
69 0.06906906906906907 2.4996247573967323 -0.009184855153319382
70 0.07007007007007007 2.49961556334753 -0.009135323613489892
71 0.07107107107107107 2.4996064188794485 -0.008544716722066031
72 0.07207207207207207 2.499597865609456 -0.008894105731300124
73 0.07307307307307308 2.499588962600716 -0.009315269143886331
74 0.07407407407407407 2.4995796380069786 -0.008750606594736005
75 0.07507507507507508 2.499570878641018 -0.009667685059483924
76 0.07607607607607608 2.499561201278596 -0.010825142194426944
77 0.07707707707707707 2.4995503653004234 -0.01077304346595511
78 0.07807807807807808 2.49953958147313 -0.011111421331620026
79 0.07907907907907907 2.4995284589292543 -0.011049721387762659
80 0.08008008008008008 2.4995173981470846 -0.010949365709583707
81 0.08108108108108109 2.499506437821049 -0.010815024656255086
82 0.08208208208208208 2.4994956119705423 -0.010477123834365772
83 0.08308308308308308 2.4994851243590963 -0.010423852804116942
84 0.08408408408408408 2.499474690072005 -0.008951046000369396
85 0.08508508508508508 2.4994657300659986 -0.008830618088056153
86 0.08608608608608609 2.499456890608453 -0.008708394611191281
87 0.08708708708708708 2.49944817349673 -0.00881385722262043
88 0.08808808808808809 2.4994393508168273 -0.007411323981338211
89 0.0890890890890891 2.499431932074103 -0.00890365631531507
90 0.09009009009009009 2.499423019505219 -0.008479108107478515
91 0.09109109109109109 2.499414531909516 -0.0083379351899226
92 0.0920920920920921 2.4994061856280445 -0.007421015685317776
93 0.09309309309309309 2.499398757183915 -0.008564797984296924
94 0.0940940940940941 2.4993901838125594 -0.00961095082748832
95 0.09509509509509509 2.4993805632411603 -0.009318997995394662
96 0.0960960960960961 2.4993712349148387 -0.008432595414192995
97 0.0970970970970971 2.499362793878388 -0.009874006206432534
98 0.0980980980980981 2.4993529099882914 -0.010593638979563422
99 0.0990990990990991 2.4993423057450688 -0.010003328074708958
100 0.10010010010010009 2.4993322924036527 -0.010209629484386579
101 0.1011011011011011 2.499322072554319 -0.010438430099392127
102 0.1021021021021021 2.4993116236753403 -0.010692099697907832
103 0.1031031031031031 2.49930092087284 -0.011541162795132296
104 0.1041041041041041 2.4992893681573296 -0.011988870057815473
105 0.10510510510510511 2.499277367286401 -0.013254117141849785
106 0.1061061061061061 2.4992640999018745 -0.014188987870374627
107 0.10710710710710711 2.499249896710813 -0.014903430047856832
108 0.10810810810810811 2.499234978362417 -0.014513220129126633
109 0.1091091091091091 2.4992204506145397 -0.013964488228682067
110 0.11011011011011011 2.4992064721478444 -0.01256175094767041
111 0.1111111111111111 2.4991938978225714 -0.012876323750520884
112 0.11211211211211211 2.499181008609608 -0.013223760342638762
113 0.11311311311311312 2.4991677716122678 -0.013422630172398229
114 0.11411411411411411 2.499154335546029 -0.012610159099349202
115 0.11511511511511512 2.499141712764148 -0.011489777793154975
116 0.11611611611611611 2.4991302114850757 -0.012473216612883257
117 0.11711711711711711 2.4991177257827606 -0.012658196307295729
118 0.11811811811811812 2.499105054915586 -0.011928107564736277
119 0.11911911911911911 2.4990931148679736 -0.01190819198904062
120 0.12012012012012012 2.4990811947558726 -0.012186787766703183
121 0.12112112112112113 2.499068995769119 -0.012374408527989773
122 0.12212212212212212 2.499056608973796 -0.01168968731848938
123 0.12312312312312312 2.4990449075850885 -0.010609875610441478
124 0.12412412412412413 2.499034287088982 -0.011667302741919891
125 0.12512512512512514 2.4990226081072584 -0.011487251599689687
126 0.12612612612612611 2.4990111093569083 -0.01128772703333951
127 0.12712712712712712 2.498999810330849 -0.011346233818209627
128 0.12812812812812813 2.4989884527394395 -0.010151135973572504
129 0.12912912912912913 2.4989782914421688 -0.01099527735433017
130 0.13013013013013014 2.498967285158531 -0.01188929458079937
131 0.13113113113113112 2.4989553839627545 -0.01210806260721073
132 0.13213213213213212 2.4989432637799647 -0.012587640038451108
133 0.13313313313313313 2.498930663539686 -0.012351344685764685
134 0.13413413413413414 2.498918299831292 -0.012560403123113992
135 0.13513513513513514 2.4989057268551926 -0.011664592631706742
136 0.13613613613613612 2.498894050586292 -0.012220674833834506
137 0.13713713713713713 2.4988818176785506 -0.01229593323350229
138 0.13813813813813813 2.4988695094370756 -0.012590648729143812
139 0.13913913913913914 2.4988569061850945 -0.012070862385692958
140 0.14014014014014015 2.4988448232397635 -0.01252489590059753
141 0.14114114114114115 2.49883228580643 -0.012526004787350642
142 0.14214214214214213 2.498819747263099 -0.01270905963273347
143 0.14314314314314314 2.498807025481685 -0.012409037627006935
144 0.14414414414414414 2.498794604022599 -0.012771019644911926
145 0.14514514514514515 2.4987818202191505 -0.012526359307020766
146 0.14614614614614616 2.4987692813209454 -0.012887821492204464
147 0.14714714714714713 2.498756380598731 -0.012132479717968768
148 0.14814814814814814 2.4987442359743888 -0.011942295846927617
149 0.14914914914914915 2.498732281724292 -0.012444973327792944
150 0.15015015015015015 2.4987198242935333 -0.012763526387745734
151 0.15115115115115116 2.498707047990843 -0.013573126642581828
152 0.15215215215215216 2.498693461277487 -0.013038341753675716
153 0.15315315315315314 2.4986804098843405 -0.013027578367843264
154 0.15415415415415415 2.4986673692653536 -0.011980759828267427
155 0.15515515515515516 2.498655376512773 -0.012747264226558077
156 0.15615615615615616 2.498642616488522 -0.01377069752442964
157 0.15715715715715717 2.4986288320065153 -0.013779022897303754
158 0.15815815815815815 2.498615039190802 -0.014968676581653143
159 0.15915915915915915 2.4986000555305603 -0.015097261883288929
160 0.16016016016016016 2.498584943156303 -0.01568103746842074
161 0.16116116116116116 2.4985692464221003 -0.01422535152870557
162 0.16216216216216217 2.4985550068309803 -0.014899050474973174
163 0.16316316316316315 2.498540092866541 -0.013297995013613301
164 0.16416416416416416 2.498526781560221 -0.014221007273459497
165 0.16516516516516516 2.498512546317705 -0.013619049534458872
166 0.16616616616616617 2.4984989136354883 -0.014307126434652219
167 0.16716716716716717 2.4984845921876055 -0.012943233120702884
168 0.16816816816816815 2.4984716359982957 -0.011635758640073364
169 0.16916916916916916 2.4984599885922494 -0.011945061524214835
170 0.17017017017017017 2.4984480315737065 -0.012669478893802117
171 0.17117117117117117 2.498435349412652 -0.01189765623738285
172 0.17217217217217218 2.4984234398468486 -0.01132006769302272
173 0.17317317317317318 2.4984121084477566 -0.011377396755164627
174 0.17417417417417416 2.4984007196622158 -0.012035495161592795
175 0.17517517517517517 2.4983886721195114 -0.01221378837952776
176 0.17617617617617617 2.4983764461051177 -0.01191498856354861
177 0.17717717717717718 2.4983645191896384 -0.0115820483444622
178 0.1781781781781782 2.498352925547652 -0.011453492851359395
179 0.17917917917917917 2.4983414605898426 -0.011470262459091255
180 0.18018018018018017 2.4983299788456392 -0.011442770260012374
181 0.18118118118118118 2.498318524621155 -0.010019485586218842
182 0.18218218218218218 2.4983084951060532 -0.010513798240571925
183 0.1831831831831832 2.49829797078349 -0.01072019858485931
184 0.1841841841841842 2.4982872398539757 -0.01000190972105131
185 0.18518518518518517 2.498277227932333 -0.010152444330794232
186 0.18618618618618618 2.498267065325395 -0.009976116450938112
187 0.1871871871871872 2.498257079222842 -0.010188928776823192
188 0.1881881881881882 2.498246880094937 -0.009493630405393836
189 0.1891891891891892 2.498237376961398 -0.008316906752708983
190 0.19019019019019018 2.4982290517294135 -0.007009742975312174
191 0.19119119119119118 2.4982220349696784 -0.006632585333051977
192 0.1921921921921922 2.4982153957451207 -0.006604098579098716
193 0.1931931931931932 2.4982087850358323 -0.007336036396097491
194 0.1941941941941942 2.4982014416560565 -0.007827828025706801
195 0.19519519519519518 2.498193605992367 -0.008470837780107985
196 0.1961961961961962 2.4981851266752697 -0.008198949659610901
197 0.1971971971971972 2.4981769195184533 -0.007782888060641387
198 0.1981981981981982 2.498169128839714 -0.007547091651995249
199 0.1991991991991992 2.4981615741934156 -0.008563998302211615
200 0.20020020020020018 2.4981530016225424 -0.009366778661959629
201 0.2012012012012012 2.4981436254677254 -0.00898853988099342
202 0.2022022022022022 2.498134627930307 -0.009080499546629194
203 0.2032032032032032 2.4981255383411716 -0.008668922989393391
204 0.2042042042042042 2.4981168607405815 -0.009418290719903197
205 0.20520520520520522 2.498107433022143 -0.009062398297632729
206 0.2062062062062062 2.4980983615523757 -0.009402201921501277
207 0.2072072072072072 2.4980889499388406 -0.009323490456769414
208 0.2082082082082082 2.4980796171155606 -0.010701266521317638
209 0.2092092092092092 2.498068905137061 -0.009934057956783782
210 0.21021021021021022 2.498058961135102 -0.010248867102672858
211 0.2112112112112112 2.498048702008873 -0.00991421979340644
212 0.2122122122122122 2.4980387778649358 -0.010628593794090034
213 0.2132132132132132 2.4980281386319088 -0.010407942089247701
214 0.21421421421421422 2.498017720271459 -0.009690793986231109
215 0.21521521521521522 2.4980080197769783 -0.008717605676393191
216 0.21621621621621623 2.4979992934449697 -0.008464745554340663
217 0.2172172172172172 2.4979908202261965 -0.009382004556187349
218 0.2182182182182182 2.4979814288302444 -0.010678608373109093
219 0.21921921921921922 2.497970739532574 -0.011587495594572757
220 0.22022022022022023 2.4979591404378847 -0.012076491333629515
221 0.22122122122122123 2.497947051857971 -0.012158387633580747
222 0.2222222222222222 2.4979348812997793 -0.010856083441002789
223 0.22322322322322322 2.4979240143493877 -0.009893544279363797
224 0.22422422422422422 2.4979141109016605 -0.0096084414130192
225 0.22522522522522523 2.497904492842188 -0.00805464452798329
226 0.22622622622622623 2.497896430134953 -0.00659544751092757
227 0.2272272272272272 2.4978898280853925 -0.006169308299921214
228 0.22822822822822822 2.4978836526016086 -0.006437167787111275
229 0.22922922922922923 2.49787720899021 -0.007592207122218101
230 0.23023023023023023 2.497869609183281 -0.006834676889247262
231 0.23123123123123124 2.497862767664873 -0.007426872347888677
232 0.23223223223223222 2.4978553333582183 -0.006432379629575206
233 0.23323323323323322 2.49784889453977 -0.006283028290798923
234 0.23423423423423423 2.4978426052221616 -0.006563345569094666
235 0.23523523523523523 2.497836035306677 -0.00702323695693121
236 0.23623623623623624 2.4978290050394527 -0.006015225093599645
237 0.23723723723723725 2.497822983793113 -0.005816495316570846
238 0.23823823823823823 2.4978171614754787 -0.005538139471154969
239 0.23923923923923923 2.4978116177923244 -0.006286259743872952
240 0.24024024024024024 2.4978053252400283 -0.006949392641491421
241 0.24124124124124124 2.4977983688910377 -0.0071707694745055985
242 0.24224224224224225 2.497791190943616 -0.007270703921233022
243 0.24324324324324323 2.497783912961713 -0.008115588707909436
244 0.24424424424424424 2.4977757892492924 -0.008890509904375545
245 0.24524524524524524 2.497766889839979 -0.008191607256366047
246 0.24624624624624625 2.4977586900329154 -0.009140382324975315
247 0.24724724724724725 2.4977495405010584 -0.008106515567210145
248 0.24824824824824826 2.497741425870861 -0.007427458862521377
249 0.24924924924924924 2.4977339909771046 -0.007731260182557775
250 0.2502502502502503 2.4977262519779226 -0.008392304871095057
251 0.25125125125125125 2.497717851272346 -0.0074385176654044125
252 0.25225225225225223 2.497710405308717 -0.0060012264065318725
253 0.25325325325325326 2.4977043980750766 -0.006986893788549032
254 0.25425425425425424 2.4976974041874005 -0.006667531158958709
255 0.2552552552552553 2.497690729982036 -0.007273039783074523
256 0.25625625625625625 2.497683449661933 -0.007933547200600443
257 0.25725725725725723 2.4976755081732436 -0.008842301836397398
258 0.25825825825825827 2.4976666570202544 -0.009780584438758467
259 0.25925925925925924 2.497656866645441 -0.008106934486129029
260 0.2602602602602603 2.4976487515959054 -0.008255527282080087
261 0.26126126126126126 2.497640487804832 -0.007412866256427417
262 0.26226226226226224 2.497633067518289 -0.008138625042897476
263 0.26326326326326327 2.4976249207464742 -0.009229876316926535
264 0.26426426426426425 2.497615681631042 -0.009336359770931404
265 0.2652652652652653 2.4976063359255654 -0.009584116509194213
266 0.26626626626626626 2.4975967422153458 -0.009315269624849052
267 0.26726726726726724 2.497587417621127 -0.010450764806015197
268 0.2682682682682683 2.4975769563950947 -0.011140821242119722
269 0.26926926926926925 2.497565804421879 -0.011354045116339096
270 0.2702702702702703 2.497554439011352 -0.012577424211876586
271 0.27127127127127126 2.497541848997126 -0.013282554416393097
272 0.27227227227227224 2.4975285531468594 -0.013218179505944474
273 0.2732732732732733 2.4975153217359427 -0.011797375917092378
274 0.27427427427427425 2.4975035125508405 -0.011831065898770206
275 0.2752752752752753 2.497491669642033 -0.011926236282634745
276 0.27627627627627627 2.497479731467576 -0.013437129938884698
277 0.2772772772772773 2.4974662808870565 -0.012447777133540462
278 0.2782782782782783 2.4974538206496857 -0.01201139453444337
279 0.27927927927927926 2.4974417972317333 -0.012155942079207465
280 0.2802802802802803 2.497429629121544 -0.013287052865219485
281 0.28128128128128127 2.4974163287683258 -0.012951083854996276
282 0.2822822822822823 2.497403364720423 -0.011864895733152896
283 0.2832832832832833 2.4973914879479175 -0.013212862889638409
284 0.28428428428428426 2.497378261858939 -0.012993570103058415
285 0.2852852852852853 2.497365255282259 -0.011785174824431059
286 0.2862862862862863 2.497353458310463 -0.01323691599931021
287 0.2872872872872873 2.4973402081442972 -0.013554584717738264
288 0.2882882882882883 2.4973266399914267 -0.011437288513998538
289 0.28928928928928926 2.4973151912541756 -0.012188540516400975
290 0.2902902902902903 2.497302990512918 -0.012508020660309349
291 0.2912912912912913 2.497290469971716 -0.01102068029460294
292 0.2922922922922923 2.4972794382597097 -0.011861503585723448
293 0.2932932932932933 2.497267564882747 -0.011999473858006197
294 0.29429429429429427 2.497255553397404 -0.00967686628726847
295 0.2952952952952953 2.4972458668445636 -0.010836908982589152
296 0.2962962962962963 2.497235019087824 -0.011412927275087463
297 0.2972972972972973 2.497223594736197 -0.01062188174141346
298 0.2982982982982983 2.4972129622219414 -0.01048405693771314
299 0.29929929929929927 2.4972024676704523 -0.012462411185719733
300 0.3003003003003003 2.4971899927843806 -0.013075930777987898
301 0.3013013013013013 2.497176903764583 -0.013971242663764845
302 0.3023023023023023 2.497162918536691 -0.01469315711972143
303 0.3033033033033033 2.4971482106717064 -0.014971566199872458
304 0.30430430430430433 2.497133224118954 -0.014852360055748465
305 0.3053053053053053 2.497118356891671 -0.01463011260751056
306 0.3063063063063063 2.497103712134306 -0.014636611246138628
307 0.3073073073073073 2.4970890608717973 -0.015048938645618574
308 0.3083083083083083 2.497073996869149 -0.013692675254667218
309 0.30930930930930933 2.4970602904875125 -0.013249113978461222
310 0.3103103103103103 2.4970470281111576 -0.01490944542723873
311 0.3113113113113113 2.4970321037413608 -0.015090911011472216
312 0.3123123123123123 2.4970169977243324 -0.01604712340257479
313 0.3133133133133133 2.497000934537743 -0.017213831729046787
314 0.31431431431431434 2.4969837034749514 -0.015641380286892513
315 0.3153153153153153 2.496968046437627 -0.015138207843847746
316 0.3163163163163163 2.496952893076422 -0.014377278709241223
317 0.3173173173173173 2.4969385014060426 -0.014476779091802632
318 0.3183183183183183 2.49692401013568 -0.013365348609014404
319 0.31931931931931934 2.496910631408344 -0.013964517992803545
320 0.3203203203203203 2.496896652911855 -0.014063382809053985
321 0.3213213213213213 2.4968825754515853 -0.01320392857425294
322 0.32232232232232233 2.496869358305865 -0.011890509279988097
323 0.3233233233233233 2.4968574558941734 -0.012252492632147062
324 0.32432432432432434 2.4968451911367837 -0.012617284669217656
325 0.3253253253253253 2.4968325612221998 -0.014172146494115086
326 0.3263263263263263 2.4968183748893726 -0.01370167767115866
327 0.32732732732732733 2.4968046594963083 -0.01418898107007495
328 0.3283283283283283 2.4967904563120538 -0.015130813310605154
329 0.32932932932932935 2.496775310352784 -0.015255388580140977
330 0.3303303303303303 2.4967600396935445 -0.01554023028711847
331 0.3313313313313313 2.4967444839074715 -0.015627321384110486
332 0.33233233233233234 2.496728840943123 -0.015300200543068977
333 0.3333333333333333 2.4967135254270643 -0.014891158548192085
334 0.33433433433433435 2.4966986193624514 -0.014395178450720249
335 0.3353353353353353 2.4966842097744126 -0.014811880010986473
336 0.3363363363363363 2.496669383067695 -0.014439559120980317
337 0.33733733733733734 2.496654929054561 -0.013579085536731005
338 0.3383383383383383 2.496641336376346 -0.013733697258819948
339 0.33933933933933935 2.4966275889316427 -0.015100475309863765
340 0.34034034034034033 2.496612473340742 -0.014697166709964023
341 0.34134134134134136 2.4965977614621533 -0.014454795412201744
342 0.34234234234234234 2.496583292197476 -0.014030232129928889
343 0.3433433433433433 2.49656924792107 -0.014051847596529716
344 0.34434434434434436 2.49655518200756 -0.01506484336887016
345 0.34534534534534533 2.4965401020842677 -0.015684677334723306
346 0.34634634634634637 2.496524401706555 -0.015617442091055663
347 0.34734734734734735 2.4965087686313887 -0.017070555576929724
348 0.3483483483483483 2.4964916809881688 -0.016654952039198867
349 0.34934934934934936 2.496475009364506 -0.017135196959511708
350 0.35035035035035034 2.496457857015197 -0.018194835121525286
351 0.35135135135135137 2.4964396439670273 -0.018323942960716173
352 0.35235235235235235 2.4964213016817816 -0.01893203263394163
353 0.3533533533533533 2.496402350698164 -0.020344146646809513
354 0.35435435435435436 2.4963819861870062 -0.02141985031707752
355 0.35535535535535534 2.4963605448953974 -0.02097545460894577
356 0.3563563563563564 2.4963395484443374 -0.021360748275105156
357 0.35735735735735735 2.496318166313932 -0.022197246497473278
358 0.35835835835835833 2.4962959468479684 -0.022668242255247568
359 0.35935935935935936 2.49627325591478 -0.02210663047232086
360 0.36036036036036034 2.4962511271555483 -0.023041140100430377
361 0.3613613613613614 2.4962280629512437 -0.022564881090922955
362 0.36236236236236236 2.496205475482684 -0.02136117658239945
363 0.36336336336336333 2.4961840929235426 -0.021145100539162076
364 0.36436436436436437 2.4961629266567367 -0.022069392581652476
365 0.36536536536536535 2.496140835172671 -0.022883596295295038
366 0.3663663663663664 2.496117928669873 -0.02368990927902405
367 0.36736736736736736 2.496094215046971 -0.02482748163212273
368 0.3683683683683684 2.4960693627130053 -0.025049850911070343
369 0.36936936936936937 2.4960442877871682 -0.023899550747908303
370 0.37037037037037035 2.496020364312946 -0.02382164953052572
371 0.3713713713713714 2.4959965188179205 -0.024383628125951858
372 0.37237237237237236 2.4959721107817585 -0.025799035441389256
373 0.3733733733733734 2.4959462859214567 -0.025098138932075725
374 0.3743743743743744 2.4959211626592626 -0.024892782762249207
375 0.37537537537537535 2.4958962449588 -0.025804888355148863
376 0.3763763763763764 2.4958704142397257 -0.025718851987846632
377 0.37737737737737737 2.4958446696431413 -0.025819603850402634
378 0.3783783783783784 2.4958188241938415 -0.02622022672039735
379 0.3793793793793794 2.495792577720648 -0.025344468923194995
380 0.38038038038038036 2.495767207881886 -0.024898195185497202
381 0.3813813813813814 2.4957422847635824 -0.025228253462882252
382 0.38238238238238237 2.4957170312566124 -0.026570340345124524
383 0.3833833833833834 2.49569043431933 -0.02662189807033363
384 0.3843843843843844 2.495663785772713 -0.027000382075770882
385 0.38538538538538536 2.495636758363228 -0.027192720779137942
386 0.3863863863863864 2.4956095384225083 -0.02634029235658103
387 0.38738738738738737 2.4955831717634926 -0.02572702245627386
388 0.3883883883883884 2.4955574189882612 -0.02446466530235395
389 0.3893893893893894 2.4955329298338045 -0.025175276553854816
390 0.39039039039039036 2.4955077293567736 -0.02446960479781639
391 0.3913913913913914 2.495483235257877 -0.023642541072430037
392 0.3923923923923924 2.495459569050597 -0.023144063744584442
393 0.3933933933933934 2.495436401819622 -0.022524635842131505
394 0.3943943943943944 2.4954138546365967 -0.023411962897061666
395 0.39539539539539537 2.4953904192383014 -0.02337038430942444
396 0.3963963963963964 2.495367025460214 -0.02499276968804086
397 0.3973973973973974 2.4953420076727384 -0.025239020658148374
398 0.3983983983983984 2.495316743387795 -0.02543444244535032
399 0.3993993993993994 2.4952912834854475 -0.023738649589594065
400 0.40040040040040037 2.495267521073446 -0.023650431307232492
401 0.4014014014014014 2.4952438469680334 -0.022198073185521073
402 0.4024024024024024 2.4952216266745544 -0.022914499065704173
403 0.4034034034034034 2.495198689238052 -0.02184053161483786
404 0.4044044044044044 2.4951768268440433 -0.022336530918276306
405 0.40540540540540543 2.4951544679542352 -0.021501717985870906
406 0.4064064064064064 2.495132944713008 -0.022570865854540167
407 0.4074074074074074 2.4951103512536945 -0.02291745157968661
408 0.4084084084084084 2.4950874108617227 -0.02412240478721976
409 0.4094094094094094 2.4950632643103843 -0.02471881625102281
410 0.41041041041041043 2.4950385207505734 -0.024846480458555135
411 0.4114114114114114 2.495013649398763 -0.024296472681533416
412 0.4124124124124124 2.4949893286052878 -0.02538766194104032
413 0.4134134134134134 2.494963915530272 -0.026538178546487393
414 0.4144144144144144 2.494937350786982 -0.02559617474642811
415 0.41541541541541543 2.494911728990439 -0.02496429253650146
416 0.4164164164164164 2.4948867397086203 -0.02503838304590013
417 0.4174174174174174 2.494861676262128 -0.023813866013685306
418 0.4184184184184184 2.4948378385584102 -0.024858423888486397
419 0.4194194194194194 2.4948129552512146 -0.023954223305958058
420 0.42042042042042044 2.494788977049707 -0.025111743332297473
421 0.4214214214214214 2.4947638401694947 -0.02607339660257823
422 0.4224224224224224 2.494737740673396 -0.02489482105511763
423 0.42342342342342343 2.4947128209326004 -0.025238425158884515
424 0.4244244244244244 2.494687557243753 -0.024770241303693156
425 0.42542542542542544 2.4946627622074127 -0.02441783461719443
426 0.4264264264264264 2.4946383199305187 -0.02336593273693354
427 0.4274274274274274 2.4946149306084595 -0.023096323185956686
428 0.42842842842842843 2.4945918111658307 -0.023110309968879843
429 0.4294294294294294 2.4945686777224183 -0.022866521837025804
430 0.43043043043043044 2.49454578831117 -0.022813505862280103
431 0.4314314314314314 2.494522951968966 -0.023563279235670295
432 0.43243243243243246 2.494499365102864 -0.02284015256776165
433 0.43343343343343343 2.494476502087281 -0.02299603573810633
434 0.4344344344344344 2.494453483032488 -0.022956032815255753
435 0.43543543543543545 2.4944305040206607 -0.023771954305604664
436 0.4364364364364364 2.494406708270605 -0.02550252665290275
437 0.43743743743743746 2.4943811802158975 -0.0231096564266143
438 0.43843843843843844 2.4943580474266818 -0.02270700903103687
439 0.4394394394394394 2.494335317687912 -0.021914773258897572
440 0.44044044044044045 2.494313380977943 -0.02131373469911448
441 0.44144144144144143 2.494292045908174 -0.020706068484780783
442 0.44244244244244246 2.494271319112894 -0.01946536287218225
443 0.44344344344344344 2.494251834265174 -0.01929230405809883
444 0.4444444444444444 2.4942325226495003 -0.01941310672914211
445 0.44544544544544545 2.494213090110232 -0.018892382300777954
446 0.44644644644644643 2.4941941788166377 -0.01838713985431007
447 0.44744744744744747 2.494175773271238 -0.018684060236682003
448 0.44844844844844844 2.4941570705082383 -0.01808468294428674
449 0.4494494494494494 2.4941389677225083 -0.01733772743963156
450 0.45045045045045046 2.494121612639986 -0.01806076544423718
451 0.45145145145145144 2.4941035337956974 -0.018116533795221382
452 0.45245245245245247 2.4940853991272336 -0.017879460336049462
453 0.45345345345345345 2.49406750176954 -0.017917029395693645
454 0.4544544544544544 2.49404956680518 -0.018243519459808944
455 0.45545545545545546 2.494031305023939 -0.018469130202989896
456 0.45645645645645644 2.4940128174061185 -0.01924726418306744
457 0.4574574574574575 2.4939935508754045 -0.020190268588515126
458 0.45845845845845845 2.493973340396337 -0.02036318015349592
459 0.45945945945945943 2.4939529568326195 -0.019925590813718676
460 0.46046046046046046 2.4939330112962694 -0.021151684101499466
461 0.46146146146146144 2.493911838439311 -0.02111188625243788
462 0.4624624624624625 2.493890705420039 -0.021527068030629568
463 0.46346346346346345 2.4938691568033917 -0.021209928806833946
464 0.46446446446446443 2.4938479256434247 -0.02168019859632448
465 0.46546546546546547 2.493826223742928 -0.02118658737452422
466 0.46646646646646645 2.4938050159477583 -0.02192714946112822
467 0.4674674674674675 2.4937830668491987 -0.02279708822020257
468 0.46846846846846846 2.4937602469410702 -0.023096769886304092
469 0.4694694694694695 2.4937371270512942 -0.02269335134281314
470 0.47047047047047047 2.493714410983884 -0.021965689492179176
471 0.47147147147147145 2.493692423306715 -0.02187685464990624
472 0.4724724724724725 2.4936705245533113 -0.022469202287511925
473 0.47347347347347346 2.49364803285933 -0.02190148196797355
474 0.4744744744744745 2.4936261094539565 -0.022856303645134194
475 0.4754754754754755 2.4936032302711286 -0.022893687546315575
476 0.47647647647647645 2.4935803136669783 -0.023479868889817436
477 0.4774774774774775 2.493556810294716 -0.022711271470850922
478 0.47847847847847846 2.4935340762892397 -0.02353313200676479
479 0.4794794794794795 2.4935105196005445 -0.023251190848573407
480 0.4804804804804805 2.493487245135231 -0.02393856564061149
481 0.48148148148148145 2.493463282607062 -0.02473470666182451
482 0.4824824824824825 2.493438523140934 -0.02468962907178286
483 0.48348348348348347 2.4934138087975186 -0.02525900075768849
484 0.4844844844844845 2.493388524512476 -0.025370557908835925
485 0.4854854854854855 2.4933631285586135 -0.02585431007288128
486 0.48648648648648646 2.4933372483683502 -0.026663312282760462
487 0.4874874874874875 2.493310558366065 -0.02602773270816299
488 0.48848848848848847 2.4932845045795706 -0.02541420247210619
489 0.4894894894894895 2.4932590649374564 -0.02533880165542424
490 0.4904904904904905 2.493233700771635 -0.025225257555033825
491 0.49149149149149146 2.493208450263572 -0.024994501439743223
492 0.4924924924924925 2.493183430742611 -0.025130081021697316
493 0.4934934934934935 2.493158275506353 -0.02375021576378325
494 0.4944944944944945 2.4931345015165993 -0.023189337151594977
495 0.4954954954954955 2.493111288966898 -0.02241614469367619
496 0.4964964964964965 2.493088850383621 -0.022366659020732444
497 0.4974974974974975 2.493066461335552 -0.022217229379301418
498 0.4984984984984985 2.493044221866704 -0.022043558982825773
499 0.4994994994994995 2.4930221562420964 -0.022895692458566656
500 0.5005005005005005 2.4929992376310266 -0.023040595771719886
501 0.5015015015015015 2.4929761739715954 -0.02274997771324422
502 0.5025025025025025 2.492953401221132 -0.022805839718948888
503 0.5035035035035035 2.4929305725527446 -0.021394124091943315
504 0.5045045045045045 2.492909157013113 -0.02144500336538685
505 0.5055055055055055 2.492887690543278 -0.020942509221661878
506 0.5065065065065065 2.492866727070584 -0.022059364039883025
507 0.5075075075075075 2.4928446456250986 -0.022336736259061026
508 0.5085085085085085 2.4928222865297442 -0.022570127531836265
509 0.5095095095095095 2.4927996938094923 -0.023110563209861604
510 0.5105105105105106 2.4927765601125853 -0.023300864895729013
511 0.5115115115115115 2.4927532359235003 -0.02447560218289128
512 0.5125125125125125 2.492728735821215 -0.02408250365284859
513 0.5135135135135135 2.492704629210952 -0.024175643904572337
514 0.5145145145145145 2.4926804293672036 -0.02413593232223871
515 0.5155155155155156 2.492656269274789 -0.02530089776573356
516 0.5165165165165165 2.4926309430507994 -0.02474272970383783
517 0.5175175175175175 2.492606175553598 -0.023950318586206363
518 0.5185185185185185 2.4925822012607193 -0.02325599713305923
519 0.5195195195195195 2.4925589219843096 -0.02173071074089912
520 0.5205205205205206 2.4925371695211056 -0.022260692024212256
521 0.5215215215215215 2.492514886546106 -0.02226522907158226
522 0.5225225225225225 2.492492599029518 -0.022170193409137954
523 0.5235235235235235 2.492470406643723 -0.022207179504538134
524 0.5245245245245245 2.4924481772348095 -0.021577998678802935
525 0.5255255255255256 2.4924265776365324 -0.023973211667866878
526 0.5265265265265265 2.4924025804276555 -0.02272810151195012
527 0.5275275275275275 2.4923798295752913 -0.023602569103128485
528 0.5285285285285285 2.492356203379993 -0.02309394538791047
529 0.5295295295295295 2.4923330863175424 -0.022443951145738734
530 0.5305305305305306 2.492310619899979 -0.02187605092095089
531 0.5315315315315315 2.4922887219511094 -0.023288763444487666
532 0.5325325325325325 2.492265409875589 -0.02411778451499522
533 0.5335335335335335 2.4922412679491477 -0.024028232319785355
534 0.5345345345345345 2.4922172156645432 -0.024175238397896474
535 0.5355355355355356 2.4921930162267074 -0.022805345818052675
536 0.5365365365365365 2.4921701880527154 -0.02222025075548319
537 0.5375375375375375 2.492147945559467 -0.02337672596782474
538 0.5385385385385385 2.492124545433373 -0.024396824747537012
539 0.5395395395395395 2.4921001241873797 -0.025593273607753583
540 0.5405405405405406 2.4920745052948794 -0.02608702512869045
541 0.5415415415415415 2.4920483921566126 -0.02677664905658798
542 0.5425425425425425 2.4920215887041035 -0.02661075302590418
543 0.5435435435435435 2.491994951313687 -0.02822621140869248
544 0.5445445445445445 2.4919666968478125 -0.02973365929972981
545 0.5455455455455456 2.49193693342509 -0.0288890534160536
546 0.5465465465465466 2.4919080154537028 -0.02957281505856184
547 0.5475475475475475 2.491878413036227 -0.029661971373619752
548 0.5485485485485485 2.49184872137319 -0.02907662721521132
549 0.5495495495495496 2.491819615640242 -0.028208218280627674
550 0.5505505505505506 2.4917913791855066 -0.029150437746569974
551 0.5515515515515516 2.4917621995681425 -0.028842108067690258
552 0.5525525525525525 2.491733328589096 -0.028125261007587
553 0.5535535535535535 2.491705175174674 -0.0288753617204284
554 0.5545545545545546 2.4916762709086875 -0.02924362277551333
555 0.5555555555555556 2.4916469980130165 -0.031355189445194574
556 0.5565565565565566 2.491615611436995 -0.031837095563141474
557 0.5575575575575575 2.4915837424724674 -0.03292085573687073
558 0.5585585585585585 2.491550788662921 -0.03361250956408322
559 0.5595595595595596 2.491517142507201 -0.033003972673159465
560 0.5605605605605606 2.491484105497518 -0.03224229308826485
561 0.5615615615615616 2.4914518309298623 -0.032744654502354836
562 0.5625625625625625 2.491419053497928 -0.0327207646490945
563 0.5635635635635635 2.4913862999797605 -0.03308756614156702
564 0.5645645645645646 2.491353179292932 -0.03434170107669292
565 0.5655655655655656 2.4913188032157785 -0.034628756665997656
566 0.5665665665665666 2.491284139795692 -0.03597207343547236
567 0.5675675675675675 2.4912481317141753 -0.03678666632889113
568 0.5685685685685685 2.4912113082243565 -0.03673799205050571
569 0.5695695695695696 2.491174533457539 -0.036012138706491705
570 0.5705705705705706 2.4911384852706457 -0.03495196848743033
571 0.5715715715715716 2.4911034983152027 -0.03459974269300751
572 0.5725725725725725 2.491068863938133 -0.034434553005318884
573 0.5735735735735735 2.4910343949161056 -0.03389175397304931
574 0.5745745745745746 2.491000469236453 -0.0334398821987888
575 0.5755755755755756 2.4909669958808984 -0.032980719807655615
576 0.5765765765765766 2.4909339821473573 -0.03157895236790328
577 0.5775775775775776 2.4909023715844265 -0.030715706898775532
578 0.5785785785785785 2.4908716251310743 -0.031595360065725775
579 0.5795795795795796 2.4908399981440215 -0.03223239946702208
580 0.5805805805805806 2.4908077334798904 -0.032737400526754626
581 0.5815815815815816 2.490774963309193 -0.033006507098718066
582 0.5825825825825826 2.4907419237625477 -0.031555052167234164
583 0.5835835835835835 2.490710337123742 -0.031779242918658294
584 0.5845845845845846 2.490678526069769 -0.03215421885725068
585 0.5855855855855856 2.4906463396645067 -0.032727971129293335
586 0.5865865865865866 2.4906135789326456 -0.03209853041378653
587 0.5875875875875876 2.4905814482715707 -0.03258089992244883
588 0.5885885885885885 2.4905488347581346 -0.031530326464012874
589 0.5895895895895896 2.4905172728697824 -0.031211962377342327
590 0.5905905905905906 2.4904860296641993 -0.029787084723200973
591 0.5915915915915916 2.4904562127625747 -0.029656250953926874
592 0.5925925925925926 2.4904265268256838 -0.03056381057407503
593 0.5935935935935935 2.4903959324207046 -0.030999345731472474
594 0.5945945945945946 2.490364902044597 -0.02963121048541172
595 0.5955955955955956 2.49033524117324 -0.030465735722546818
596 0.5965965965965966 2.4903047449412856 -0.031194737114527887
597 0.5975975975975976 2.490273518978208 -0.030251346039311098
598 0.5985985985985985 2.490243237350541 -0.02995628087405626
599 0.5995995995995996 2.4902132510833996 -0.02991273243648115
600 0.6006006006006006 2.490183308408288 -0.02965005446665709
601 0.6016016016016016 2.490153628674087 -0.03019107518695126
602 0.6026026026026026 2.4901234073776033 -0.028806328575476187
603 0.6036036036036035 2.490094572213864 -0.02912652618678232
604 0.6046046046046046 2.490065416531995 -0.029273757021720213
605 0.6056056056056056 2.490036113471913 -0.029559821718417947
606 0.6066066066066066 2.4900065240607834 -0.02953054450010404
607 0.6076076076076076 2.489976963956179 -0.02994860343864903
608 0.6086086086086087 2.489946985374158 -0.028435656030316767
609 0.6096096096096096 2.4899185212540074 -0.028228429147246253
610 0.6106106106106106 2.4898902645681744 -0.02795114858223123
611 0.6116116116116116 2.4898622854404646 -0.02751715596912107
612 0.6126126126126126 2.489834740739795 -0.027303633703319896
613 0.6136136136136137 2.489807409775127 -0.02691049553517719
614 0.6146146146146146 2.489780472342159 -0.026611032886790353
615 0.6156156156156156 2.4897538346716015 -0.026403304837421877
616 0.6166166166166166 2.4897274049370295 -0.026181800277313413
617 0.6176176176176176 2.4897011969287437 -0.02671692777360774
618 0.6186186186186187 2.4896744532572987 -0.026286175111676635
619 0.6196196196196196 2.4896481407696993 -0.02503099303322483
620 0.6206206206206206 2.489623084720617 -0.024860549438546955
621 0.6216216216216216 2.489598199285744 -0.024995675606968387
622 0.6226226226226226 2.4895731785894406 -0.02424827341651987
623 0.6236236236236237 2.489548906043478 -0.024751301576077887
624 0.6246246246246246 2.489524129965824 -0.024576237243861203
625 0.6256256256256256 2.4894995291277424 -0.025611587226695105
626 0.6266266266266266 2.4894738919032915 -0.026702139321107956
627 0.6276276276276276 2.489447163035102 -0.024674893944885184
628 0.6286286286286287 2.4894224634415636 -0.0254347545706614
629 0.6296296296296297 2.4893970032267783 -0.02517826295827768
630 0.6306306306306306 2.4893717997603537 -0.024066598094439822
631 0.6316316316316316 2.4893477090715703 -0.024813057702499034
632 0.6326326326326326 2.4893228711759723 -0.025009522500140106
633 0.6336336336336337 2.489297836618915 -0.026451316044354627
634 0.6346346346346347 2.4892713588250768 -0.026431054337668895
635 0.6356356356356356 2.4892449013132274 -0.02619154304386789
636 0.6366366366366366 2.489218683552423 -0.026599912287267793
637 0.6376376376376376 2.4891920570135966 -0.025905080974137747
638 0.6386386386386387 2.4891661260016105 -0.026171525048951393
639 0.6396396396396397 2.489139928278839 -0.0263260868807002
640 0.6406406406406406 2.489113575839519 -0.026869023117115483
641 0.6416416416416416 2.489086679920483 -0.02701770796847337
642 0.6426426426426426 2.4890596351677616 -0.027187253059550102
643 0.6436436436436437 2.4890324207002346 -0.027157328389186622
644 0.6446446446446447 2.4890052361873325 -0.026048577529621836
645 0.6456456456456456 2.4889791615351506 -0.026056515029130273
646 0.6466466466466466 2.488953078937524 -0.02561458742932348
647 0.6476476476476476 2.488927438709867 -0.0240872456933366
648 0.6486486486486487 2.4889033273528165 -0.02377118383302724
649 0.6496496496496497 2.4888795323740047 -0.02386451144701224
650 0.6506506506506506 2.488855643974158 -0.024322660304306683
651 0.6516516516516516 2.4888312969668465 -0.025330644410627583
652 0.6526526526526526 2.4888059409664356 -0.026661874952656
653 0.6536536536536537 2.4887792524029195 -0.026854818410844448
654 0.6546546546546547 2.4887523707028087 -0.02720517101448582
655 0.6556556556556556 2.4887251382993907 -0.02578740336442833
656 0.6566566566566566 2.4886993250828096 -0.02444020669127166
657 0.6576576576576576 2.488674860411447 -0.0252451855053177
658 0.6586586586586587 2.488649589955486 -0.024471109771356688
659 0.6596596596596597 2.4886250943501094 -0.024553464492109288
660 0.6606606606606606 2.488600516307575 -0.02451871454819467
661 0.6616616616616616 2.4885759730497687 -0.0250548604185862
662 0.6626626626626626 2.4885508931094096 -0.02588446856407619
663 0.6636636636636637 2.4885249827304667 -0.026991366010379304
664 0.6646646646646647 2.488497964346072 -0.027435111972883435
665 0.6656656656656657 2.4884705017715247 -0.025500764633547557
666 0.6666666666666666 2.4884449754806 -0.025485447621851204
667 0.6676676676676676 2.48841946452202 -0.024475233467025376
668 0.6686686686686687 2.4883949647888195 -0.024292492420822223
669 0.6696696696696697 2.4883706479795893 -0.02370916611137633
670 0.6706706706706707 2.488346915080579 -0.022792159051765147
671 0.6716716716716716 2.488324100106553 -0.02168675244289696
672 0.6726726726726726 2.488302391645649 -0.02082656901300641
673 0.6736736736736737 2.488281544229219 -0.020758167488266435
674 0.6746746746746747 2.4882607652827846 -0.0212273617537601
675 0.6756756756756757 2.4882395166724205 -0.02169035818169105
676 0.6766766766766766 2.4882178046021686 -0.02082213722245454
677 0.6776776776776777 2.488196961621966 -0.02050735662546666
678 0.6786786786786787 2.488176433737456 -0.020308227970060412
679 0.6796796796796797 2.4881561051809293 -0.019126913882080265
680 0.6806806806806807 2.4881369591209874 -0.019142468581360227
681 0.6816816816816816 2.488117797490776 -0.018782844715142823
682 0.6826826826826827 2.4880989958444144 -0.01864960272861324
683 0.6836836836836837 2.4880803275734147 -0.019424882417767984
684 0.6846846846846847 2.48806088324667 -0.018882386538886405
685 0.6856856856856857 2.488041981958843 -0.019508542605296844
686 0.6866866866866866 2.488022453888167 -0.019028935041304488
687 0.6876876876876877 2.488003405905143 -0.01911515915111175
688 0.6886886886886887 2.4879842716116984 -0.017639932626538804
689 0.6896896896896897 2.487966614021482 -0.01887592866556697
690 0.6906906906906907 2.487947719197993 -0.019176122770229485
691 0.6916916916916916 2.4879285238799045 -0.018662480144333207
692 0.6926926926926927 2.487909842718599 -0.018438031138023836
693 0.6936936936936937 2.4878913862309733 -0.018894317403320218
694 0.6946946946946947 2.487872473000339 -0.019078822167975365
695 0.6956956956956957 2.487853375080251 -0.019108739074443392
696 0.6966966966966966 2.4878342472133097 -0.019680317914214214
697 0.6976976976976977 2.4878145471953776 -0.019439756220870092
698 0.6986986986986987 2.4877950879799413 -0.0187297004667002
699 0.6996996996996997 2.4877763395310257 -0.01876096307106552
700 0.7007007007007007 2.487757559788212 -0.0192415963391758
701 0.7017017017017017 2.4877382989310157 -0.019550811329753073
702 0.7027027027027027 2.487718728549304 -0.019723170779971252
703 0.7037037037037037 2.4876989856356104 -0.020009632489799627
704 0.7047047047047047 2.4876789559734585 -0.02050857169695531
705 0.7057057057057057 2.4876584268726605 -0.020959668938211974
706 0.7067067067067067 2.4876374462230726 -0.021137599853466683
707 0.7077077077077077 2.4876162874644607 -0.022828013696536215
708 0.7087087087087087 2.4875934365998997 -0.022405553682319168
709 0.7097097097097097 2.487571008618236 -0.021208904810403634
710 0.7107107107107107 2.4875497784832907 -0.020317246812037462
711 0.7117117117117117 2.487529440898894 -0.020724615031167907
712 0.7127127127127127 2.4875086955385024 -0.021192733057899586
713 0.7137137137137137 2.4874874815914976 -0.02069241710763226
714 0.7147147147147147 2.48746676846126 -0.021485137173175094
715 0.7157157157157157 2.487445261817443 -0.021857332294579316
716 0.7167167167167167 2.487423382605937 -0.022583776353423884
717 0.7177177177177178 2.487400776223201 -0.021570899210533366
718 0.7187187187187187 2.4873791837314987 -0.021762154125866386
719 0.7197197197197197 2.4873573997934346 -0.02177568055586062
720 0.7207207207207207 2.4873356023154005 -0.021446693835384063
721 0.7217217217217217 2.487314134153403 -0.02109477542041939
722 0.7227227227227228 2.487293018262091 -0.02035425035739436
723 0.7237237237237237 2.487272643637109 -0.02108198429045587
724 0.7247247247247247 2.487251540549731 -0.020166052299390825
725 0.7257257257257257 2.487231354311193 -0.020984634733023918
726 0.7267267267267267 2.4872103486708195 -0.02066663638627528
727 0.7277277277277278 2.4871896613471094 -0.02049601018704837
728 0.7287287287287287 2.4871691448203954 -0.021578439323609908
729 0.7297297297297297 2.4871475447810325 -0.02105031329142063
730 0.7307307307307307 2.4871264733963563 -0.02090300484627384
731 0.7317317317317317 2.4871055494675813 -0.02065608837187441
732 0.7327327327327328 2.4870848727024444 -0.021021565000915555
733 0.7337337337337337 2.487063830094836 -0.021287275520013367
734 0.7347347347347347 2.4870425215107317 -0.021568335490037224
735 0.7357357357357357 2.4870209315853162 -0.02158685449419919
736 0.7367367367367368 2.486999323122359 -0.020906100089945635
737 0.7377377377377378 2.486978396095242 -0.020166894248669024
738 0.7387387387387387 2.486958209013912 -0.018465100898533482
739 0.7397397397397397 2.486939725429429 -0.019117224923164096
740 0.7407407407407407 2.4869205890681445 -0.019597225255635665
741 0.7417417417417418 2.4869009722260467 -0.01875874392318612
742 0.7427427427427428 2.4868821947046023 -0.018514082135921463
743 0.7437437437437437 2.4868636620898514 -0.019840131795895725
744 0.7447447447447447 2.486843802098064 -0.02022647554766686
745 0.7457457457457457 2.486823555375794 -0.021099410252309492
746 0.7467467467467468 2.486802434845011 -0.02028714979792073
747 0.7477477477477478 2.4867821273877557 -0.020855949272756528
748 0.7487487487487487 2.4867612505616568 -0.020418377768569355
749 0.7497497497497497 2.4867408117450718 -0.019671539556578844
750 0.7507507507507507 2.4867211205142845 -0.018443323220060606
751 0.7517517517517518 2.4867026587292793 -0.01763277277763694
752 0.7527527527527528 2.4866850083060785 -0.017144380828627327
753 0.7537537537537538 2.4866678467637073 -0.01741288403795311
754 0.7547547547547547 2.486650416449355 -0.018575087149666755
755 0.7557557557557557 2.4866318227685245 -0.0182110622079101
756 0.7567567567567568 2.486613593477025 -0.016804775916440768
757 0.7577577577577578 2.486596771879511 -0.01651937629422818
758 0.7587587587587588 2.4865802359673044 -0.015748066986096883
759 0.7597597597597597 2.4865644721364877 -0.016735501107299204
760 0.7607607607607607 2.486547719883127 -0.016868413033239247
761 0.7617617617617618 2.4865308345847956 -0.016846996373537364
762 0.7627627627627628 2.486513970724562 -0.015554799700556924
763 0.7637637637637638 2.4864984003544914 -0.014783911868011397
764 0.7647647647647647 2.4864836016439127 -0.014053097915678932
765 0.7657657657657657 2.486469534478832 -0.013358648061917522
766 0.7667667667667668 2.48645616245875 -0.014022854483792592
767 0.7677677677677678 2.486442125567375 -0.013760536234442374
768 0.7687687687687688 2.48642835125683 -0.012980173270828073
769 0.7697697697697697 2.4864153580903925 -0.012524419440269573
770 0.7707707707707707 2.486402821133996 -0.013798044280500401
771 0.7717717717717718 2.4863890092778593 -0.013307682932728049
772 0.7727727727727728 2.4863756882739225 -0.012727581426593377
773 0.7737737737737738 2.4863629479521743 -0.013318282195231247
774 0.7747747747747747 2.4863496163383654 -0.012598865902182503
775 0.7757757757757757 2.4863370048609856 -0.013235644568578503
776 0.7767767767767768 2.4863237559675238 -0.012305126622169135
777 0.7777777777777778 2.4863114385234577 -0.012291981955529743
778 0.7787787787787788 2.486299134237216 -0.012714586257151977
779 0.7797797797797797 2.486286406923645 -0.012809467177598843
780 0.7807807807807807 2.486273584634178 -0.01287891408920383
781 0.7817817817817818 2.486260692828283 -0.013742129943850614
782 0.7827827827827828 2.4862469369424534 -0.01392237876014679
783 0.7837837837837838 2.486233000627378 -0.014469323499096172
784 0.7847847847847848 2.4862185168200717 -0.0137426631451168
785 0.7857857857857857 2.486204760400507 -0.013926671545622084
786 0.7867867867867868 2.486190819788349 -0.015381970450288671
787 0.7877877877877878 2.486175422420531 -0.015420770762936119
788 0.7887887887887888 2.486159986213561 -0.01666129129741393
789 0.7897897897897898 2.4861433082442943 -0.016788033337664012
790 0.7907907907907907 2.4861265034061186 -0.016239295858308873
791 0.7917917917917918 2.486110247854709 -0.016817666632769616
792 0.7927927927927928 2.486093413353575 -0.017427948706407508
793 0.7937937937937938 2.4860759679594744 -0.01835857931911215
794 0.7947947947947948 2.486057591003199 -0.019873035816744836
795 0.7957957957957957 2.4860376980744534 -0.01944161242105409
796 0.7967967967967968 2.486018237000959 -0.01990490368557002
797 0.7977977977977978 2.4859983121724447 -0.020336840953417458
798 0.7987987987987988 2.485977954974293 -0.021484796678371637
799 0.7997997997997998 2.485956448671312 -0.021686302781024725
800 0.8008008008008007 2.4859347406605203 -0.02214863595117975
801 0.8018018018018018 2.4859125698537623 -0.023512418539885692
802 0.8028028028028028 2.485889033899268 -0.022916132634210454
803 0.8038038038038038 2.4858660948275624 -0.022744424881162108
804 0.8048048048048048 2.485843327635489 -0.0221622252452907
805 0.8058058058058059 2.485821143225834 -0.02140067163873851
806 0.8068068068068068 2.4857997211321012 -0.021698128956076992
807 0.8078078078078078 2.4857780012832964 -0.022261227445838604
808 0.8088088088088088 2.4857557177723395 -0.022967465003705192
809 0.8098098098098098 2.4857327273168806 -0.024080733234334902
810 0.8108108108108109 2.4857086224788083 -0.02371564742160994
811 0.8118118118118118 2.485684883092 -0.024336055263984503
812 0.8128128128128128 2.48566052267632 -0.024241374477676006
813 0.8138138138138138 2.4856362570362025 -0.024843441695791488
814 0.8148148148148148 2.4856113887261966 -0.025912054275425447
815 0.8158158158158159 2.485585450733929 -0.02512213320701948
816 0.8168168168168168 2.4855603034534415 -0.024772054699820908
817 0.8178178178178178 2.4855355066018903 -0.024236232760676477
818 0.8188188188188188 2.4855112461086364 -0.024789559242481336
819 0.8198198198198198 2.4854864317350205 -0.02515349918326651
820 0.8208208208208209 2.485461253057159 -0.025124129225256517
821 0.8218218218218218 2.4854361037786554 -0.025028337870445422
822 0.8228228228228228 2.485411050387394 -0.0257442515072955
823 0.8238238238238238 2.485385280365865 -0.025645028215784516
824 0.8248248248248248 2.4853596096669506 -0.02707827134921334
825 0.8258258258258259 2.485332504290225 -0.027920181702592386
826 0.8268268268268268 2.485304556160392 -0.02781390057704577
827 0.8278278278278278 2.485276714418073 -0.027365797304135707
828 0.8288288288288288 2.4852493212275784 -0.026720802038798213
829 0.8298298298298298 2.48522257367799 -0.028390543813333523
830 0.8308308308308309 2.485194154715214 -0.027111425891883235
831 0.8318318318318318 2.4851670161507577 -0.027660657262699076
832 0.8328328328328328 2.4851393278051495 -0.028669944969151165
833 0.8338338338338338 2.485110629161537 -0.02700869358440509
834 0.8348348348348348 2.4850835934322233 -0.027428971226441185
835 0.8358358358358359 2.485056137004569 -0.02828352886952171
836 0.8368368368368369 2.485027825163859 -0.02829697834510709
837 0.8378378378378378 2.4849994998602103 -0.028368112809574998
838 0.8388388388388388 2.484971103350891 -0.02820636176855737
839 0.8398398398398398 2.4849428687545263 -0.027181373954209595
840 0.8408408408408409 2.4849156601719895 -0.026734167666462316
841 0.8418418418418419 2.4848888992433946 -0.0258927070840371
842 0.8428428428428428 2.484862980617685 -0.027316419360402824
843 0.8438438438438438 2.4848356368545614 -0.02818346364219718
844 0.8448448448448448 2.484807425179244 -0.028072836998579334
845 0.8458458458458459 2.484779324241307 -0.027710131933220816
846 0.8468468468468469 2.4847515863715044 -0.028892863003357836
847 0.8478478478478478 2.4847226645867164 -0.027826412771103058
848 0.8488488488488488 2.484694810319678 -0.026677846277742102
849 0.8498498498498498 2.4846681057688498 -0.028120151010636987
850 0.8508508508508509 2.4846399574695397 -0.028093295912686608
851 0.8518518518518519 2.48461183605221 -0.028340564723564436
852 0.8528528528528528 2.4845834671185525 -0.029091297422623886
853 0.8538538538538538 2.484554346700712 -0.028223663385352423
854 0.8548548548548548 2.4845260947854113 -0.028982511695546165
855 0.8558558558558559 2.4844970832621924 -0.02922601562193761
856 0.8568568568568569 2.4844678279912995 -0.0297430761939216
857 0.8578578578578578 2.4844380551422565 -0.02817475199270178
858 0.8588588588588588 2.484409852187309 -0.028536256237416468
859 0.8598598598598598 2.4843812873662507 -0.02970930355586555
860 0.8608608608608609 2.4843515483236525 -0.028972493297233844
861 0.8618618618618619 2.4843225468288606 -0.028154062314113232
862 0.8628628628628628 2.484294364584302 -0.027812112230205768
863 0.8638638638638638 2.48426652463212 -0.026104036646542376
864 0.8648648648648649 2.4842403944653064 -0.026036811123313946
865 0.8658658658658659 2.484214331591309 -0.02633514869986246
866 0.8668668668668669 2.4841879700810994 -0.025805669823845426
867 0.8678678678678678 2.4841621385797743 -0.025643932258514395
868 0.8688688688688688 2.4841364689779137 -0.025776222128849807
869 0.8698698698698699 2.484110666953761 -0.02380626248834504
870 0.8708708708708709 2.48408683686118 -0.0230096098324158
871 0.8718718718718719 2.484063804218705 -0.02281798212100165
872 0.8728728728728729 2.4840409633957607 -0.022824898113636687
873 0.8738738738738738 2.484018115649901 -0.02260357695983009
874 0.8748748748748749 2.483995489446738 -0.022687194320147003
875 0.8758758758758759 2.4839727795425137 -0.022757052213305807
876 0.8768768768768769 2.4839499997104686 -0.02177341672806552
877 0.8778778778778779 2.4839282044985285 -0.02072590415591129
878 0.8788788788788788 2.483907457847722 -0.022567797301417704
879 0.8798798798798799 2.483884867460033 -0.021623867223467968
880 0.8808808808808809 2.4838632219472965 -0.0224585085096231
881 0.8818818818818819 2.483840740957797 -0.021893555897608948
882 0.8828828828828829 2.4838188254864284 -0.022345932715088737
883 0.8838838838838838 2.483796457185412 -0.02254211803005513
884 0.8848848848848849 2.4837738925026995 -0.022040093567426384
885 0.8858858858858859 2.4837518303469763 -0.021728855687785743
886 0.8868868868868869 2.483730079740682 -0.023016920024564735
887 0.8878878878878879 2.4837070397806973 -0.021397483129908988
888 0.8888888888888888 2.4836856208786653 -0.021155731724804894
889 0.8898898898898899 2.483664443970032 -0.02131342033892241
890 0.8908908908908909 2.483643109214938 -0.022114160793646944
891 0.8918918918918919 2.483620972917847 -0.0215227125397651
892 0.8928928928928929 2.4835994286610505 -0.020325219215172486
893 0.8938938938938938 2.4835790830962705 -0.019055931450089002
894 0.8948948948948949 2.483560008089814 -0.019848658224526788
895 0.8958958958958959 2.4835401395630625 -0.02086972195884795
896 0.8968968968968969 2.483519248950491 -0.019857331977527967
897 0.8978978978978979 2.4834993717413045 -0.01948394563143523
898 0.8988988988988988 2.483479868292224 -0.020757960587894073
899 0.8998998998998999 2.4834590895528965 -0.020122946499974686
900 0.9009009009009009 2.483438946463307 -0.02012742208676488
901 0.9019019019019019 2.4834187988936502 -0.021030113218377642
902 0.9029029029029029 2.4833977477292675 -0.020500653908645576
903 0.9039039039039038 2.483377226554184 -0.020395860220658587
904 0.9049049049049049 2.483356810277687 -0.02050018518369825
905 0.9059059059059059 2.483336289571797 -0.020359854481301398
906 0.9069069069069069 2.4833159093370814 -0.019022950948429075
907 0.9079079079079079 2.48329686734414 -0.019032221487301576
908 0.9089089089089089 2.4832778160713795 -0.018597209861564885
909 0.9099099099099099 2.4832592002456924 -0.01827938981879837
910 0.9109109109109109 2.483240902558186 -0.018233900627078643
911 0.9119119119119119 2.483222650405406 -0.017365766366462112
912 0.9129129129129129 2.48320526725589 -0.01840478864581369
913 0.9139139139139139 2.4831868440440323 -0.019103370477801952
914 0.914914914914915 2.4831677215510615 -0.01968039214336189
915 0.9159159159159159 2.4831480214588257 -0.019698034554692764
916 0.9169169169169169 2.483128303706519 -0.020001919939185573
917 0.9179179179179179 2.483108281764638 -0.020643220871244868
918 0.9189189189189189 2.4830876178798817 -0.021039723199293727
919 0.91991991991992 2.4830665570958983 -0.020643605280350398
920 0.9209209209209209 2.4830458928263486 -0.02003086420380909
921 0.9219219219219219 2.4830258419112297 -0.01995420046787349
922 0.9229229229229229 2.483005867736587 -0.020437498901897375
923 0.9239239239239239 2.482985409779728 -0.020790007831160372
924 0.924924924924925 2.4829645989610785 -0.02004819763943498
925 0.9259259259259259 2.482944530695173 -0.020583503105267874
926 0.9269269269269269 2.4829239265879606 -0.02021568937661966
927 0.9279279279279279 2.4829036906626585 -0.02177438698147783
928 0.9289289289289289 2.482881894479494 -0.022164402554656362
929 0.92992992992993 2.4828597078903503 -0.02075908466902975
930 0.9309309309309309 2.4828389280258167 -0.02014595174604283
931 0.9319319319319319 2.4828187619079527 -0.021274091961869933
932 0.9329329329329329 2.4827974665206036 -0.021662534697518502
933 0.933933933933934 2.482775782301687 -0.02207886861657714
934 0.934934934934935 2.482753681332101 -0.021471687979125482
935 0.9359359359359359 2.482732188150941 -0.02152521547692906
936 0.9369369369369369 2.4827106413887017 -0.02134858035813072
937 0.9379379379379379 2.4826892714383932 -0.02231563707717101
938 0.938938938938939 2.482666933463341 -0.022471304478078064
939 0.93993993993994 2.4826444396650644 -0.022070631086687168
940 0.9409409409409409 2.482622346941254 -0.021721413734391407
941 0.9419419419419419 2.4826006037843626 -0.02105556621114776
942 0.9429429429429429 2.4825795271415085 -0.021342363244327568
943 0.943943943943944 2.482558163414537 -0.021101631735721712
944 0.944944944944945 2.4825370406600467 -0.02091616287887427
945 0.9459459459459459 2.482516103560068 -0.020427451361706556
946 0.9469469469469469 2.482495655660807 -0.01998541040811295
947 0.9479479479479479 2.482475650244983 -0.019263720985820933
948 0.948948948948949 2.482456367240993 -0.01874235704020255
949 0.94994994994995 2.4824376061228346 -0.018923299875432974
950 0.950950950950951 2.482418663880717 -0.019019637877006692
951 0.9519519519519519 2.4823996252041636 -0.019361849228045402
952 0.9529529529529529 2.4823802439737053 -0.020075051272265353
953 0.953953953953954 2.4823601488272864 -0.020673786904481524
954 0.954954954954955 2.4823394543459005 -0.021137363634786938
955 0.955955955955956 2.4823182958237435 -0.021632202863135917
956 0.9569569569569569 2.482296641967024 -0.02251174354268204
957 0.9579579579579579 2.482274107689203 -0.02300144180933776
958 0.958958958958959 2.4822510832229274 -0.023626927176303835
959 0.95995995995996 2.4822274326451734 -0.02359287522579557
960 0.960960960960961 2.482203816153456 -0.02317639183067224
961 0.9619619619619619 2.482180616562034 -0.023495623736943208
962 0.9629629629629629 2.482157097419154 -0.024274813953509698
963 0.963963963963964 2.4821327983060875 -0.02501368972498963
964 0.964964964964965 2.482107759577634 -0.024984666101905337
965 0.965965965965966 2.4820827499018563 -0.025768069287395716
966 0.9669669669669669 2.4820569560387056 -0.02500791102767822
967 0.9679679679679679 2.482031923094734 -0.025429890849784084
968 0.968968968968969 2.4820064677485383 -0.025688281075925096
969 0.96996996996997 2.4819807537534673 -0.026825281894382488
970 0.970970970970971 2.481953901619439 -0.026570131515861035
971 0.9719719719719719 2.4819273048911947 -0.026980256149214912
972 0.9729729729729729 2.481900297627782 -0.0273480117644819
973 0.973973973973974 2.48187292224063 -0.027267336893612507
974 0.974974974974975 2.481845627609105 -0.02778159631440795
975 0.975975975975976 2.481817818203385 -0.027928771043887017
976 0.9769769769769769 2.4817898614756135 -0.027966165194942032
977 0.9779779779779779 2.4817618673162594 -0.028075497142644543
978 0.978978978978979 2.481733763715516 -0.028005876563973377
979 0.97997997997998 2.4817057298050416 -0.028043932643116328
980 0.980980980980981 2.4816776578003936 -0.02865503358530281
981 0.9819819819819819 2.481648974083091 -0.028137963981659513
982 0.9829829829829829 2.481620807952979 -0.02700979565509216
983 0.983983983983984 2.4815937711204916 -0.026568553467885947
984 0.984984984984985 2.481567175971875 -0.026955362343162374
985 0.985985985985986 2.481540193627187 -0.027876634846174878
986 0.986986986986987 2.4815122890878016 -0.02730900401359089
987 0.9879879879879879 2.4814849527474476 -0.027964961463907454
988 0.988988988988989 2.481456959793029 -0.02814139596913018
989 0.98998998998999 2.4814287902274943 -0.028422400549198427
990 0.990990990990991 2.4814003393760937 -0.027559808612467335
991 0.991991991991992 2.4813727519800852 -0.02808393285762871
992 0.992992992992993 2.4813446399351826 -0.028204957783522677
993 0.993993993993994 2.481316406744208 -0.02963772958669957
994 0.994994994994995 2.4812867393472247 -0.02945711394304816
995 0.995995995995996 2.481257252746681 -0.028689176355542478
996 0.996996996996997 2.4812285348524314 -0.028257662228736942
997 0.997997997997998 2.4812002489042544 -0.028971996752080714
998 0.998998998998999 2.4811712479065045 -0.02981684204008503
999 1.0 2.4811414012177755 -0.03036535020346472
